$ANSIBLE_VAULT;1.1;AES256
64373039653766633663396537616363396332393434616134323065393134653264333135636363
3566623562373663343032616434373836313564663131360a316531353739613465616665646535
34613861656434393537306565313362356136393966383732346436336266363164363237623261
3631613639383066350a363866323332633934353336313563663938373638633861356238393730
65356537396361623665333863633534653061313138323239613034633930316136643432306438
35663265636536323463316565653866333437323538366334376135613362656337643364393665
65666238633033656534633765343539303962366634366266373666653161303438386532356362
62383439383632336537376363313634326530633937643034666336373035343536333937626434
31393436343437666363346336396236323434343663303164333430316534623538373735363932
65383965643135313238386335613838323430666534393466633132626662633362666330653062
30653063653734643566376166643531343762323763373132616335626165383133303137373831
32316535356663626164663930393562663062353836363366376265653034653735373366306239
34346135313335633437333766393966346361316364633332353933626531613665613461663237
63633366323438623239373835643636653963373537396335373766333737336335646338356663
33386466616638626531363933663463396332613866313830303437663365323730323132353737
37363638353535383265383530373330643031373166663938303136363163633762393865643961
32653434306435616166623936323061383262383234323633386231353037316534653462326431
65316532616633363235363662303236356630313232646665316530613134336331646236343362
34393864643537326536363966653138393930353765623164626566306166343165633530626633
38653434663631393939353534383264303734666262363332353763363732333638316635356431
38373431663665633833346264303035313739363633373531363331376465386462343132393063
38323133353565303630623933373365363161313030653061333937656165386430663530313337
32373063323834333633343430303537323533353565616331363763373230336431643564306662
65346538326135363236343231316430653934363663363637376336653163623566323931393932
61623634376430383436363833346330336264343164326530303539656339383237346531383033
37356337663334653966306533616566626636343234363834336131346361316566316664346262
63373964663835643966663334613238326462633931616430356336633564646465356638616333
65386664356533336130616535313761396334353635306134633034346637363861623362333035
38613734323965376339633265343939353535326562376664323164643533643835373335373332
32653430343166643963376262303262376230373464356236353661373264316637383961363361
36383338336530643335646336646365343161646361386163306165643865393934393264333961
38383633383333623966303064333534643032646166306661333938396563383931663765333964
61306462363963393331303662316139643436313839616231613035613566336636656236303461
65313130313965633838323531646232373130383739303636326661346533333062656365343734
32613035313165303731663766356337633331633161633038316230623938363534313431323532
30643061663764613265343833336335613561626239373133353163373937363732343864323331
30356337666436303364666233326534643132656166626463626532363439303136323438613762
32336261346337343834393766643931636366646631633264653732643161373837646263376531
38653439623633346165393937393733656164373935383239353566666239336532366332636562
61333137393865306463313030656435343965303966633063363163393030333032396564393933
62646638333765656135366161623334336561656432613164633738346636656663363265663264
36643565666461633539393665646563323936656233323435663638383137323033653961383262
65613234653334313565373438653565663765326434336263396636383964353531663330396338
63663266626266396633393964396464646334366239353361373338343036313064666565633462
61313730613635633433363039323437613737396331353038316265353030656566386637373666
66626566386339623130646462313235363561333436333464656236303234313436663139373233
32356137343961303961663634356435633061316465666165373961643166656235613238303066
62663139366162396234616463636235393733646364633337343765623138623433656362373239
63653962383935656436616338396461666234323666363332343961373465663834363663323736
31313730383630303136623534353630666637663161633163306234633865616337343337653239
33393263393762346439393934643035343561303533636533646165376163326239396664373235
36323532333133356233653833343634333561616566326338613263623536666437356235646333
39363361353862656162396432343436396466613537313431613538626362373061303931363230
37383030626463316136653532393637613166646537353638346564303931626337386439373635
38306234323963653930333230666339363233336333326439386134386136626566316233633639
62306231383235303239363136666137666433346334643264323536376261316535656638306133
62633030383737663563653061346539336135666630333562343665313939386161643262623031
39663531326165383533373962353731323066346363383066663235326262353136303132333764
65326263656531633135346663626336333830366233643265636138323738313661313661396162
64383133366165336331653335336435373234383135313937643734626437613664323663336530
38303365313139373263393164613762616632633462616134333666633634333139656436613734
31666434656465386361326363616239343563396461303039376361646337643133333536336336
66396239633333643835616464333463613039303033646434663836363834653363306561656263
32633736653865383531366531613864633262393331373437346165333966303738393961353835
35343536623536633630333063643238386362313665656136663162643236656261633766663735
64323966343435313161313162363861303365396165396536303565316533333630306464333135
39343434623730613531303837373665383835396265623030653533363730666434623132623166
64623633373433376433393063623232386434383165653564356265636532636435393532333464
35623763353561623235383762633164303163643061313734383264333734306163396230643035
34613931343366643530323932353830633462616166653461323162333735633338313064636130
30346463613235653132303431323530356362633133616230656330393631346139343532633330
61353362353336383438306466393732646133353362626334303136306233653964313961333661
63653938656264363735663630393236336665353138376263373839316165393833363263653163
33643762396534653834353439623264383063373334386461343766623333363764663062613061
37623966313031343139343938326463383361626330363064373866663135316666336431356532
31333234306439363538653761656263346264313435623933613434613032613563333035386565
61313239623639303665643330353564623739373038396633386638653261336436643866393931
30366433653638363430336562306564343437613164326565373637383861373032373435616533
35306638373436313738303863343163303762623064313534613964383766316566303761343137
66323636653765643666616533613564363335643836303438303462353735316530336436353063
39663466303532363333393733386331343661306266373835613635656436656237346164653962
39323134376235303731333335636133303434666335636361613061313066366137343437663735
62333830643732333731656334356535366330643635353363373832323364396461323136353839
34343437613333323637323563643362623534303837353934383032633161663864376437663932
62353461633437376336616265393063626633343466396431333166343138663834336466346161
38376463623563663165326539343062663739643336356135333034616262313965346330336639
61333435343930383531663832323862633962333062313930373939373230316633636562363837
34623666346664386639376363313639313237633465363662636536313136626639346564356163
66616237376337383837613436653361333666383166343533363639663038623033353261313665
38656432393636396435396330353266643665333431346636396465653765313163393738656634
66316439646635366335376637326230623039396133653132663865326331613730656665393864
30656663643939396136303433653739633731373638343262663663363538366131316631353933
33303461636164353538623531333230356131633436386336343639323266386462656266373237
64633434633464373735323962386463666436313364353563303065363162646632653363363735
37353262393361393465393139393236323237316332666531363063396137613136363765613139
33396363663663393165356633373935393464396537636436646330363436636130653231663763
39646164623761646463656631626532343737386562393631356539356464656431396634643839
38376263653439373930633661623233613637663831343936386436643139613735633661656533
66346562386434366362393931376635623839653738623737663738376561666237343031636334
34653236643834303863633765326230356337393737323934386437343163353337373564323734
62386665653861653032646363613532323765646130656634343261376130663463383663613664
31373463353265366534363062346534393337313235336430303563626139376235626232386332
32353931616234623566316431383562366133356537333336393232616132333937373737393262
63366330313764346165626430323930393830356264616264326663343439323130343666653232
65623730626566303536346665373633323261373437663661383037336339316364643738323164
32336337323166396138323136633565363035356430393131393539626261373563313861346661
65393666313361396234306233623263646363313539643063383265623566316534393662646333
61643839363839626463346461643061643065363131373835376163663565393766616164326439
66613364646530386237386161363363656234303561313833313162366638643736346239373037
39656366383830373538623634633333383562363365663161303938333133363438386433363231
33623831653030633330336265343531656565363561663830393933646462366634393237623132
35366262373731313964663539396436376533366631666635646566363862666365323630643530
38633864353266393364663232636161333936616239633963666464623337313536623239393238
64316339386638336361646437643063316561643666633036633532383736633831333961653338
65353130643136336332343164393063383564383761376635346132353066343538666337643462
62363162363661346533663461333265373662316134613561353936323335363161663664383830
64343966326636646136643431366435653763626336636436613532353636643630623830383837
31336234383861313563386632373030346563396661656166383566626439613239303366383834
63616332326564633830393139393238636562366566386163333532663763393135306331323937
37393064666361316531646461383665373362383837646537643863663863393235663966326132
32323566666564393761383836376364376633373761336239653465393237373535623137623933
31343664363033386137646236633764643266373939383535656531353964613565306533316366
35643432653237326465323138646130393762663836353235663039626333373762626439646466
39326633656136373233356130613037316436653465386330643731386539313062306565373438
30363830303433346665316233663962326531303137386139333332363732383737336361643362
38643738396133616137303031323364343464643264323735333339313935393131386530326332
37656538383333333037333938333065356665633934616466626139623130623433363664666133
37633165663862343564383137633433653065303631326232333134376338303262326263633535
65333235396365316163333964663130656338343137643765396637363833306636373838343930
37623661306164346235373761653164316432303461393839316561633237366163333463356266
64303936373861626136623837316535303730396234313833306134623336373362636438623730
66376236323065383134663835623438343963353163613564643433386661393938313031663266
31363432353433333439316235346133353362303363366363393033646433633966633761313533
35333133303938623538663832656138356636383332663463353764373037306465336638373137
33373036666263343735373038366236663236613661363439663938626434303330616563333135
62623164363565623531353939613030393831376466663032656435363537396233663736646162
61373837353233303438323562643833623034363435326237636437326635333132323834383835
65303636356635353966353939653034353562663533353930636561656138373138353663646262
63386664363463636439336366373338633138326533663730343561363862633934393663376632
33626462643737643361613765396363323564666465363832316161323236663938623638623863
62373164396332626363396565376535333536323063303433653564626433383361366236633164
37323139353537663761343264626466303662656364306364663338636632623038643330346562
63346133313536613834383862346132316638376231636437363166363839656138623131363134
37316533353637356164653537626636346166373365623865373065626436626666383035633439
38373364633330353636303931636237653532376434643831323962333266386364656463636139
35656263373130636264336636376566393862623861633235336161306538303132623936303664
30306232623032376166663132336466323433383035333438633264303531613565623435393036
37613666393036376263303564623339363930303262623836663862333431656439323430663233
38306330346262343637363932343562336336326239333133633730303736386561386665613035
33636430306563623336346635633634363238333062313832663161376565333339623732353862
36303064393762626139666338393062333236383961353866633934313061356534396632303638
63356162633430383333663733616433356233636439356633643061633935616563303664633561
62396566613466306662386139663761366334633535343864316232666362613132613639346334
65323839333338333234393166343465376430646637313364663135306332643161366361396161
37613330376233363533636339373335666362303261313338316661663930626131623662343065
38336436323263323134383063396236663533636461303562656134376361366431643537333335
38336235333732336433393739623066386362383530643833636265653031346634366234323364
66343035396333363866386334656236656466393935323337623539306461383865376131306261
32616461346565656466346432383462643530313231316261653632366134663038393034663065
30323166626462393265313438626139363635396363646333393331373833653761633565613730
62653563616561616331373462666532353434646135663862386336643738336432393735363661
62636465346232623339373037376231383736663435376639323337383266613262313838313932
64616663396364303266653034373764643030653935393335623138633861643132633865373165
61653034616464653130303363333437616137626636393132306261616333343132313061303831
31323832373135326132666566383939633665646335343164346530306663343961333133306539
3836653962366466393935393836363133393165336538653462
